9 1
0 7
END
4 6
3 9
END
0 6
9 5
END
5 8
2 0
END
2 3
0 8
END
0 9
2 5
END
0 2
3 4
END
0 6
2 9
END
4 8
8 3
END
9 5
0 8
END
0 5
8 3
END
6 8
3 5
END
1 3
0 4
END
7 9
9 0
END
3 3
8 0
END
6 5
7 0
END
0 2
3 9
END
7 8
0 1
END
1 7
0 1
END
0 9
2 3
END
1 9
8 0
END
2 1
3 5
END
2 5
0 5
END
0 2
1 9
END
3 5
0 5
END
0 5
3 6
END
1 7
0 8
END
9 8
7 9
END
8 4
5 8
END
9 5
8 5
END
7 2
4 5
END
2 1
3 0
END
0 1
5 9
END
0 7
6 2
END
0 2
9 7
END
8 3
8 6
END
1 4
1 0
END
6 3
1 0
END
9 3
0 4
END
6 9
5 0
END
1 5
4 8
END
4 7
3 0
END
1 2
2 7
END
0 7
1 4
END
3 5
2 0
END
6 1
0 6
END
0 9
3 6
END
0 6
6 7
END
9 7
0 1
END
0 7
3 9
END
6 4
5 0
END
5 3
4 2
END
4 3
4 7
END
5 6
0 4
END
6 5
2 0
END
0 2
4 9
END
9 9
0 8
END
1 9
3 8
END
0 3
1 2
END
6 9
6 0
END
9 3
2 3
END
5 4
8 0
END
3 6
0 1
END
9 4
5 0
END
1 8
6 9
END
0 3
5 9
END
1 9
0 9
END
8 9
9 0
END
2 6
4 5
END
5 1
9 0
END
6 2
0 6
END
1 6
9 0
END
5 5
4 7
END
0 7
9 7
END
0 2
1 1
END
3 3
8 9
END
2 5
0 5
END
3 6
0 5
END
5 8
9 8
END
8 7
6 5
END
1 2
1 0
END
6 2
2 0
END
3 1
5 9
END
0 5
6 1
END
8 9
6 0
END
1 1
1 0
END
9 6
0 4
END
0 7
4 4
END
9 6
0 6
END
8 6
9 6
END
0 6
8 9
END
2 3
0 5
END
0 3
8 7
END
7 1
0 1
END
1 6
0 8
END
7 2
4 0
END
4 5
9 6
END
0 1
1 8
END
3 4
0 6
END
3 6
0 6
END
5 6
0 9
END
2 7
9 0
END
0 1
3 7
END
4 7
8 0
END
0 9
8 1
END
7 3
9 0
END
1 4
2 0
END
0 3
7 1
END
5 6
4 0
END
1 9
1 9
END
0 2
2 8
END
9 7
2 3
END
7 3
0 7
END
0 9
7 4
END
0 7
2 1
END
0 2
3 4
END
0 3
4 8
END
0 1
8 3
END
3 3
4 0
END
0 9
6 9
END
4 6
0 2
END
0 5
3 7
END
0 8
4 9
END
1 5
4 0
END
3 9
3 1
END
9 7
7 0
END
1 8
4 0
END
6 7
6 0
END
7 1
2 0
END
1 4
8 3
END
9 6
0 9
END
3 4
6 0
END
5 3
4 0
END
6 6
0 4
END
2 4
8 0
END
0 1
4 1
END
0 9
2 1
END
0 3
2 4
END
5 7
0 2
END
9 8
8 0
END
4 8
2 0
END
9 5
9 4
END
3 3
0 5
END
3 4
3 6
END
3 5
6 0
END
1 1
1 0
END
5 7
6 0
END
8 8
8 0
END
0 3
5 7
END
0 7
4 9
END
7 6
0 4
END
8 9
0 1
END
2 7
8 0
END
1 4
9 0
END
0 3
6 8
END
2 7
0 2
END
7 5
0 1
END
4 4
3 7
END
8 6
7 0
END
2 5
9 2
END
0 6
2 4
END
5 5
0 7
END
3 2
0 8
END
9 4
0 6
END
4 9
0 3
END
9 1
3 5
END
2 2
4 0
END
6 7
0 8
END
2 1
1 8
END
3 5
5 0
END
6 6
3 3
END
3 7
3 0
END
8 8
3 9
END
6 9
1 0
END
5 9
8 0
END
0 1
8 4
END
7 2
2 0
END
9 7
0 3
END
2 4
0 6
END
5 2
0 8
END
7 5
0 2
END
0 4
9 9
END
5 2
3 0
END
8 5
1 0
END
0 9
5 1
END
0 2
3 2
END
5 6
0 2
END
6 1
4 0
END
7 9
4 8
END
2 8
1 0
END
8 3
4 8
END
0 2
6 4
END
0 8
4 9
END
1 2
3 0
END
6 4
0 1
END
1 5
0 6
END
5 7
0 5
END
7 1
1 8
END
0 2
5 3
END
9 6
7 0
END
4 8
2 0
END
2 9
1 0
END
0 1
7 9
END
5 2
4 0
END
0 4
3 2
END
0 9
9 5
END
7 9
8 5
END
0 6
9 5
END
2 9
6 0
END
8 9
0 7
END
2 9
0 9
END
0 6
8 4
END
3 3
5 0
END
3 6
0 9
END
2 4
8 0
END
8 7
0 1
END
6 2
7 0
END
2 1
0 3
END
5 5
9 0
END
8 2
1 5
END
2 8
0 3
END
1 2
3 0
END
4 4
7 8
END
0 3
4 5
END
5 7
4 7
END
8 4
0 9
END
4 1
7 0
END
0 9
6 2
END
4 2
0 8
END
0 4
9 4
END
0 7
1 8
END
7 3
3 0
END
8 6
0 1
END
7 4
9 0
END
0 7
1 9
END
4 2
9 7
END
2 5
2 0
END
0 7
1 2
END
1 4
0 6
END
0 2
8 9
END
8 4
0 8
END
0 1
9 8
END
7 5
5 8
END
5 8
6 4
END
0 8
5 2
END
7 5
9 0
END
8 4
3 7
END
6 9
6 0
END
0 4
3 1
END
2 3
3 0
END
0 1
4 4
END
4 5
9 5
END
1 5
0 3
END
2 2
5 0
END
3 4
0 2
END
7 9
0 5
END
7 5
0 8
END
1 2
0 8
END
0 6
6 5
END
7 4
4 8
END
6 7
8 3
END
4 9
4 9
END
4 7
0 4
END
0 6
4 8
END
6 4
0 8
END
3 4
4 2
END
7 3
0 9
END
7 9
3 5
END
4 5
6 0
END
3 1
0 6
END
0 1
8 2
END
3 4
0 1
END
0 5
7 6
END
5 7
7 2
END
1 6
0 7
END
0 3
5 9
END
0 9
6 3
END
2 5
0 4
END
5 8
0 6
END
2 5
5 3
END
6 4
0 8
END
3 6
6 0
END
4 2
6 0
END
0 6
9 9
END
8 1
6 0
END
2 3
0 4
END
4 8
5 0
END
1 6
6 0
END
9 5
8 0
END
0 3
9 7
END
0 7
2 7
END
0 3
3 1
END
1 5
8 0
END
0 3
5 5
END
0 4
4 5
END
4 3
8 4
END
2 3
0 2
END
7 7
0 8
END
8 4
0 7
END
7 4
3 0
END
3 7
2 0
END
1 4
6 0
END
3 2
0 4
END
2 3
3 0
END
3 6
5 0
END
9 1
6 0
END
6 2
8 7
END
8 8
0 7
END
6 6
0 8
END
0 7
6 8
END
0 5
6 5
END
9 5
1 0
END
4 5
3 0
END
1 3
1 0
END
0 8
7 1
END
1 8
0 4
END
0 6
4 5
END
0 7
1 1
END
0 2
2 8
END
9 4
2 6
END
0 8
3 8
END
0 1
4 4
END
0 2
8 7
END
4 8
3 0
END
9 6
1 0
END
3 7
0 1
END
2 2
0 9
END
7 5
5 0
END
0 4
4 3
END
0 7
9 2
END
1 3
4 2
END
0 5
5 8
END
2 3
4 0
END
0 8
9 4
END
0 3
6 4
END
8 9
1 0
END
5 9
0 6
END
1 7
0 7
END
2 6
0 6
END
0 6
8 7
END
0 7
3 4
END
8 2
4 0
END
2 9
0 9
END
2 4
0 3
END
2 7
0 2
END
0 4
9 7
END
5 1
9 7
END
0 9
2 5
END
0 7
5 8
END
0 4
5 3
END
0 8
9 6
END
2 9
0 6
END
0 3
3 3
END
5 2
5 3
END
3 3
0 6
END
0 5
9 7
END
0 3
2 7
END
9 8
7 0
END
6 2
0 1
END
6 5
1 3
END
0 9
4 8
END
4 4
1 0
END
7 3
5 6
END
3 5
5 8
END
6 1
0 7
END
3 6
1 0
END
4 1
6 7
END
8 9
0 3
END
2 8
0 4
END
5 2
0 2
END
8 7
4 0
END
0 8
4 7
END
8 8
7 0
END
1 7
0 3
END
4 8
5 0
END
0 7
8 8
END
9 5
6 1
END
3 8
7 0
END
3 5
7 5
END
9 4
6 9
END
4 7
0 1
END
6 5
6 0
END
7 6
0 2
END
0 6
6 9
END
3 7
6 0
END
3 2
7 2
END
5 4
3 6
END
6 3
6 0
END
0 1
7 1
END
0 4
6 1
END
8 2
8 1
END
5 9
6 0
END
6 8
0 5
END
0 2
3 9
END
3 6
8 1
END
5 2
9 1
END
3 1
0 6
END
0 7
8 7
END
0 4
6 9
END
2 1
0 5
END
5 7
9 0
END
0 1
4 4
END
4 3
6 6
END
0 5
2 9
END
0 4
2 1
END
7 5
0 1
END
3 3
7 0
END
0 5
1 9
END
0 1
5 5
END
7 1
0 3
END
8 7
8 0
END
6 2
2 6
END
3 6
0 8
END
0 4
7 7
END
3 5
7 0
END
0 4
1 2
END
0 9
9 4
END
0 1
4 4
END
6 8
0 4
END
9 2
8 0
END
8 7
0 6
END
2 8
4 2
END
4 6
4 0
END
3 1
1 0
END
5 7
9 6
END
7 4
5 0
END
8 2
0 6
END
1 1
8 9
END
3 7
1 0
END
1 8
7 0
END
9 4
5 0
END
5 1
6 0
END
3 9
0 3
END
0 1
2 6
END
8 3
0 2
END
1 2
0 6
END
6 9
0 8
END
1 3
2 9
END
2 2
0 1
END
0 8
8 2
END
5 5
6 9
END
1 4
2 0
END
3 8
0 4
END
0 1
4 3
END
0 6
8 7
END
0 5
1 8
END
4 8
6 0
END
5 2
2 0
END
1 4
6 0
END
5 1
7 1
END
7 7
0 2
END
9 1
7 1
END
5 4
9 1
END
6 3
2 0
END
7 2
0 9
END
0 7
8 7
END
1 2
8 1
END
0 7
9 6
END
9 8
2 0
END
2 7
7 4
END
8 1
4 0
END
2 6
9 0
END
7 6
0 2
END
0 3
3 3
END
3 8
5 3
END
0 4
4 6
END
5 5
5 0
END
7 2
3 0
END
8 2
9 1
END
0 2
2 7
END
7 5
0 4
END
0 1
5 9
END
8 7
3 5
END
8 7
7 0
END
7 7
1 9
END
7 1
6 0
END
1 2
9 0
END
1 2
1 5
END
5 6
7 0
END
9 7
0 6
END
0 3
2 9
END
0 9
8 1
END
0 4
5 5
END
2 8
5 1
END
0 2
6 7
END
7 3
0 8
END
7 1
7 0
END
2 7
5 0
END
6 5
0 5
END
1 2
0 3
END
9 6
9 7
END
8 8
6 1
END
8 8
6 0
END
0 4
3 2
END
0 6
9 6
END
4 5
6 0
END
0 9
8 7
END
8 5
0 8
END
0 5
2 5
END
0 4
9 9
END
0
180000
0
0
0
0 0 0 0 0 0 0 0 0 0
0 0 0 0 0 0 0 0 0 0
0 0 0 0 0 0 0 0 0 0
0 0 0 0 0 0 0 0 0 0
0 0 0 0 0 0 0 0 0 0
0 0 0 0 0 0 0 0 0 0
0 0 0 0 0 0 0 0 0 0
0 0 0 0 0 0 0 0 0 0
0 0 0 0 0 0 0 0 0 0
0 0 0 0 0 0 0 0 0 0
0 0 0 0 0 0 0 0 0 0
0 0 0 0 0 0 0 0 0 0
0 0 0 0 0 0 0 0 0 0
0 0 0 0 0 0 0 0 0 0
0 0 0 0 0 0 0 0 0 0
0 0 0 0 0 0 0 0 0 0
END
180000
0
0
0
0 0 0 0 0 0 0 0 0 0
0 0 0 0 0 0 0 0 0 0
0 0 0 0 0 0 0 0 0 0
0 0 0 0 0 0 0 0 0 0
0 0 0 0 0 0 0 0 0 0
0 0 0 0 0 0 0 0 0 0
0 0 0 0 0 0 0 0 0 0
0 0 0 0 0 0 0 0 0 0
0 0 0 0 0 0 0 0 0 0
0 0 0 0 0 0 0 0 0 0
0 0 0 0 0 0 0 0 0 0
0 0 0 0 0 0 0 0 0 0
0 0 0 0 0 0 0 0 0 0
0 0 0 0 0 0 0 0 0 0
0 0 0 0 0 0 0 0 0 0
0 0 0 0 0 0 0 0 0 0
END
1
177976
0
8
1
0 0 0 0 0 0 0 0 0 0
0 0 0 0 0 0 0 0 0 0
0 0 0 0 0 0 0 0 0 0
0 0 0 0 0 0 0 0 0 0
0 0 0 0 0 0 0 0 0 0
0 0 0 0 0 0 0 0 0 0
0 0 0 0 0 0 0 0 0 0
0 0 0 0 0 0 0 0 0 0
0 0 0 0 0 0 0 0 0 0
0 0 0 0 0 0 0 0 0 0
0 0 0 0 0 0 0 0 0 0
0 0 0 0 0 0 0 0 0 0
0 0 0 0 0 0 0 0 0 0
0 0 0 0 0 0 0 0 0 0
0 0 0 0 0 0 0 0 0 0
0 0 7 0 0 0 0 0 0 0
END
179598
0
8
1
0 0 0 0 0 0 0 0 0 0
0 0 0 0 0 0 0 0 0 0
0 0 0 0 0 0 0 0 0 0
0 0 0 0 0 0 0 0 0 0
0 0 0 0 0 0 0 0 0 0
0 0 0 0 0 0 0 0 0 0
0 0 0 0 0 0 0 0 0 0
0 0 0 0 0 0 0 0 0 0
0 0 0 0 0 0 0 0 0 0
0 0 0 0 0 0 0 0 0 0
0 0 0 0 0 0 0 0 0 0
0 0 0 0 0 0 0 0 0 0
0 0 0 0 0 0 0 0 0 0
0 0 0 0 0 0 0 0 0 0
0 0 0 0 0 0 0 0 0 0
0 7 0 0 0 0 0 0 0 0
END
2
177970
0
16
2
0 0 0 0 0 0 0 0 0 0
0 0 0 0 0 0 0 0 0 0
0 0 0 0 0 0 0 0 0 0
0 0 0 0 0 0 0 0 0 0
0 0 0 0 0 0 0 0 0 0
0 0 0 0 0 0 0 0 0 0
0 0 0 0 0 0 0 0 0 0
0 0 0 0 0 0 0 0 0 0
0 0 0 0 0 0 0 0 0 0
0 0 0 0 0 0 0 0 0 0
0 0 0 0 0 0 0 0 0 0
0 0 0 0 0 0 0 0 0 0
0 0 0 0 0 0 0 0 0 0
0 0 0 0 0 0 0 0 0 0
0 0 0 0 0 0 0 0 0 9
0 0 7 0 0 0 0 0 0 3
END
179380
0
16
2
0 0 0 0 0 0 0 0 0 0
0 0 0 0 0 0 0 0 0 0
0 0 0 0 0 0 0 0 0 0
0 0 0 0 0 0 0 0 0 0
0 0 0 0 0 0 0 0 0 0
0 0 0 0 0 0 0 0 0 0
0 0 0 0 0 0 0 0 0 0
0 0 0 0 0 0 0 0 0 0
0 0 0 0 0 0 0 0 0 0
0 0 0 0 0 0 0 0 0 0
0 0 0 0 0 0 0 0 0 0
0 0 0 0 0 0 0 0 0 0
0 0 0 0 0 0 0 0 0 0
0 0 0 0 0 0 0 0 0 0
0 0 0 0 0 0 0 0 0 0
9 0 0 0 0 0 0 0 0 0
END
3
177963
0
16
2
0 0 0 0 0 0 0 0 0 0
0 0 0 0 0 0 0 0 0 0
0 0 0 0 0 0 0 0 0 0
0 0 0 0 0 0 0 0 0 0
0 0 0 0 0 0 0 0 0 0
0 0 0 0 0 0 0 0 0 0
0 0 0 0 0 0 0 0 0 0
0 0 0 0 0 0 0 0 0 0
0 0 0 0 0 0 0 0 0 0
0 0 0 0 0 0 0 0 0 0
0 0 0 0 0 0 0 0 0 0
0 0 0 0 0 0 0 0 0 0
0 0 0 0 0 0 0 0 0 0
0 0 5 0 0 0 0 0 0 0
0 0 6 0 0 0 0 0 0 9
0 0 7 9 0 0 0 0 0 3
END
179155
0
16
2
0 0 0 0 0 0 0 0 0 0
0 0 0 0 0 0 0 0 0 0
0 0 0 0 0 0 0 0 0 0
0 0 0 0 0 0 0 0 0 0
0 0 0 0 0 0 0 0 0 0
0 0 0 0 0 0 0 0 0 0
0 0 0 0 0 0 0 0 0 0
0 0 0 0 0 0 0 0 0 0
0 0 0 0 0 0 0 0 0 0
0 0 0 0 0 0 0 0 0 0
0 0 0 0 0 0 0 0 0 0
0 0 0 0 0 0 0 0 0 0
0 0 0 0 0 0 0 0 0 0
0 0 0 0 0 0 0 0 0 0
9 6 0 0 0 0 0 0 0 0
9 5 0 0 0 0 0 0 0 0
END
4
177958
0
16
2
0 0 0 0 0 0 0 0 0 0
0 0 0 0 0 0 0 0 0 0
0 0 0 0 0 0 0 0 0 0
0 0 0 0 0 0 0 0 0 0
0 0 0 0 0 0 0 0 0 0
0 0 0 0 0 0 0 0 0 0
0 0 0 0 0 0 0 0 0 0
0 0 0 0 0 0 0 0 0 0
0 0 0 0 0 0 0 0 0 0
0 0 0 0 0 0 0 0 0 0
0 0 0 0 0 0 0 0 0 0
0 0 0 0 0 0 0 0 0 0
0 0 2 0 0 0 0 0 0 0
0 0 5 0 0 0 0 0 0 0
0 8 6 0 0 0 0 0 0 9
0 5 7 9 0 0 0 0 0 3
END
179008
0
16
2
0 0 0 0 0 0 0 0 0 0
0 0 0 0 0 0 0 0 0 0
0 0 0 0 0 0 0 0 0 0
0 0 0 0 0 0 0 0 0 0
0 0 0 0 0 0 0 0 0 0
0 0 0 0 0 0 0 0 0 0
0 0 0 0 0 0 0 0 0 0
0 0 0 0 0 0 0 0 0 0
0 0 0 0 0 0 0 0 0 0
0 0 0 0 0 0 0 0 0 0
0 0 0 0 0 0 0 0 0 0
0 0 0 0 0 0 0 0 0 0
0 8 0 0 0 0 0 0 0 0
0 5 0 0 0 0 0 0 0 0
9 6 0 0 0 0 0 0 0 0
9 5 2 0 0 0 0 0 0 0
END
5
177952
0
16
2
0 0 0 0 0 0 0 0 0 0
0 0 0 0 0 0 0 0 0 0
0 0 0 0 0 0 0 0 0 0
0 0 0 0 0 0 0 0 0 0
0 0 0 0 0 0 0 0 0 0
0 0 0 0 0 0 0 0 0 0
0 0 0 0 0 0 0 0 0 0
0 0 0 0 0 0 0 0 0 0
0 0 0 0 0 0 0 0 0 0
0 0 0 0 0 0 0 0 0 0
0 0 0 0 0 0 0 0 0 0
0 0 0 0 0 0 0 0 0 0
0 2 2 0 0 0 0 0 0 0
0 3 5 0 0 0 0 0 0 0
0 8 6 0 0 0 0 0 0 9
8 5 7 9 0 0 0 0 0 3
END
178892
0
24
3
0 0 0 0 0 0 0 0 0 0
0 0 0 0 0 0 0 0 0 0
0 0 0 0 0 0 0 0 0 0
0 0 0 0 0 0 0 0 0 0
0 0 0 0 0 0 0 0 0 0
0 0 0 0 0 0 0 0 0 0
0 0 0 0 0 0 0 0 0 0
0 0 0 0 0 0 0 0 0 0
0 0 0 0 0 0 0 0 0 0
0 0 0 0 0 0 0 0 0 0
0 0 0 0 0 0 0 0 0 0
0 3 0 0 0 0 0 0 0 0
0 8 0 0 0 0 0 0 0 0
0 5 0 0 0 0 0 0 0 0
9 6 0 0 0 0 0 0 0 0
9 5 2 0 0 0 0 0 0 0
END
6
177947
0
16
2
0 0 0 0 0 0 0 0 0 0
0 0 0 0 0 0 0 0 0 0
0 0 0 0 0 0 0 0 0 0
0 0 0 0 0 0 0 0 0 0
0 0 0 0 0 0 0 0 0 0
0 0 0 0 0 0 0 0 0 0
0 0 0 0 0 0 0 0 0 0
0 0 0 0 0 0 0 0 0 0
0 0 0 0 0 0 0 0 0 0
0 0 0 0 0 0 0 0 0 0
0 0 0 0 0 0 0 0 0 0
0 2 0 0 0 0 0 0 0 0
0 2 2 0 0 0 0 0 0 0
5 3 5 0 0 0 0 0 0 0
9 8 6 0 0 0 0 0 0 9
8 5 7 9 0 0 0 0 0 3
END
178791
0
24
3
0 0 0 0 0 0 0 0 0 0
0 0 0 0 0 0 0 0 0 0
0 0 0 0 0 0 0 0 0 0
0 0 0 0 0 0 0 0 0 0
0 0 0 0 0 0 0 0 0 0
0 0 0 0 0 0 0 0 0 0
0 0 0 0 0 0 0 0 0 0
0 0 0 0 0 0 0 0 0 0
0 0 0 0 0 0 0 0 0 0
0 0 0 0 0 0 0 0 0 0
0 0 0 0 0 0 0 0 0 0
0 3 0 0 0 0 0 0 0 0
0 8 0 0 0 0 0 0 0 0
0 5 0 0 0 0 0 0 0 0
9 6 2 9 0 0 0 0 0 0
9 5 2 5 0 0 0 0 0 0
END
7
177941
2
0
2
0 0 0 0 0 0 0 0 0 0
0 0 0 0 0 0 0 0 0 0
0 0 0 0 0 0 0 0 0 0
0 0 0 0 0 0 0 0 0 0
0 0 0 0 0 0 0 0 0 0
0 0 0 0 0 0 0 0 0 0
0 0 0 0 0 0 0 0 0 0
0 0 0 0 0 0 0 0 0 0
0 0 0 0 0 0 0 0 0 0
0 3 0 0 0 0 0 0 0 0
0 4 0 0 0 0 0 0 0 0
0 2 2 0 0 0 0 0 0 0
0 2 2 0 0 0 0 0 0 0
5 3 5 0 0 0 0 0 0 0
9 8 6 0 0 0 0 0 0 9
8 5 7 9 0 0 0 0 0 3
END
178681
0
32
7
0 0 0 0 0 0 0 0 0 0
0 0 0 0 0 0 0 0 0 0
0 0 0 0 0 0 0 0 0 0
0 0 0 0 0 0 0 0 0 0
0 0 0 0 0 0 0 0 0 0
0 0 0 0 0 0 0 0 0 0
0 0 0 0 0 0 0 0 0 0
0 0 0 0 0 0 0 0 0 0
0 0 0 0 0 0 0 0 0 0
0 0 0 0 0 0 0 0 0 0
0 0 0 0 0 0 0 0 0 0
0 0 0 0 0 0 0 0 0 0
0 0 0 0 0 0 0 0 0 0
0 0 0 3 0 0 0 0 0 0
9 0 2 9 0 0 0 0 0 0
9 3 2 5 0 0 0 0 0 0
END
8
177936
2
0
2
0 0 0 0 0 0 0 0 0 0
0 0 0 0 0 0 0 0 0 0
0 0 0 0 0 0 0 0 0 0
0 0 0 0 0 0 0 0 0 0
0 0 0 0 0 0 0 0 0 0
0 0 0 0 0 0 0 0 0 0
0 0 0 0 0 0 0 0 0 0
0 0 0 0 0 0 0 0 0 0
0 0 0 0 0 0 0 0 0 0
0 3 2 0 0 0 0 0 0 0
0 4 9 0 0 0 0 0 0 0
0 2 2 0 0 0 0 0 0 0
0 2 2 0 0 0 0 0 0 0
5 3 5 0 0 0 0 0 0 0
9 8 6 6 0 0 0 0 0 9
8 5 7 9 0 0 0 0 0 3
END
178496
0
32
7
0 0 0 0 0 0 0 0 0 0
0 0 0 0 0 0 0 0 0 0
0 0 0 0 0 0 0 0 0 0
0 0 0 0 0 0 0 0 0 0
0 0 0 0 0 0 0 0 0 0
0 0 0 0 0 0 0 0 0 0
0 0 0 0 0 0 0 0 0 0
0 0 0 0 0 0 0 0 0 0
0 0 0 0 0 0 0 0 0 0
0 0 0 0 0 0 0 0 0 0
0 0 0 0 0 0 0 0 0 0
0 0 0 0 0 0 0 0 0 0
0 0 0 0 0 0 0 0 0 0
0 0 0 3 0 0 0 0 0 0
9 0 2 9 0 0 0 0 6 0
9 3 2 5 0 0 0 2 9 0
END
9
177931
2
8
3
0 0 0 0 0 0 0 0 0 0
0 0 0 0 0 0 0 0 0 0
0 0 0 0 0 0 0 0 0 0
0 0 0 0 0 0 0 0 0 0
0 0 0 0 0 0 0 0 0 0
0 0 0 0 0 0 0 0 0 0
0 0 0 0 0 0 0 0 0 0
0 0 0 0 0 0 0 0 0 0
0 0 8 0 0 0 0 0 0 0
0 3 4 0 0 0 0 0 0 0
0 4 2 0 0 0 0 0 0 0
0 2 9 0 0 0 0 0 0 0
0 2 2 0 0 0 0 0 0 0
5 3 5 3 0 0 0 0 0 0
9 8 6 6 0 0 0 0 0 9
8 5 7 9 0 0 0 0 0 3
END
178391
0
32
7
0 0 0 0 0 0 0 0 0 0
0 0 0 0 0 0 0 0 0 0
0 0 0 0 0 0 0 0 0 0
0 0 0 0 0 0 0 0 0 0
0 0 0 0 0 0 0 0 0 0
0 0 0 0 0 0 0 0 0 0
0 0 0 0 0 0 0 0 0 0
0 0 0 0 0 0 0 0 0 0
0 0 0 0 0 0 0 0 0 0
0 0 0 0 0 0 0 0 0 0
0 0 0 0 0 0 0 0 0 0
0 0 0 0 0 0 0 0 0 0
0 0 0 0 0 0 0 0 4 0
0 0 0 3 0 0 0 8 8 0
9 0 2 9 0 0 0 3 6 0
9 3 2 5 0 0 0 2 9 0
END
10
177926
0
16
40
0 0 0 0 0 0 0 0 0 0
0 0 0 0 0 0 0 0 0 0
0 0 0 0 0 0 0 0 0 0
0 0 0 0 0 0 0 0 0 0
0 0 0 0 0 0 0 0 0 0
0 0 0 0 0 0 0 0 0 0
0 0 0 0 0 0 0 0 0 0
0 0 0 0 0 0 0 0 0 0
0 0 0 0 0 0 0 0 0 0
0 0 0 0 0 0 0 0 0 0
0 0 0 0 0 0 0 0 0 0
0 0 0 0 0 0 0 0 0 0
0 0 0 0 0 0 0 0 0 0
0 0 0 9 0 0 0 0 0 0
0 0 0 3 0 0 0 0 0 9
9 3 9 9 0 0 0 0 0 3
END
178281
16
2
7
0 0 0 0 0 0 0 0 0 0
0 0 0 0 0 0 0 0 0 0
0 0 0 0 0 0 0 0 0 0
0 0 0 0 0 0 0 0 0 0
0 0 0 0 0 0 0 0 0 0
0 0 0 0 0 0 0 0 0 0
0 0 0 0 0 0 0 0 0 0
0 0 0 0 0 0 0 0 0 0
0 0 0 0 0 0 0 0 0 0
0 0 0 0 0 0 0 0 0 0
0 0 0 0 0 0 0 0 5 0
0 0 0 0 0 0 0 0 8 0
0 0 0 0 0 0 0 9 4 0
0 0 0 3 0 0 0 8 8 0
9 0 2 9 0 0 0 3 6 0
9 3 2 5 0 0 0 2 9 0
END
11
175902
0
16
40
0 0 0 0 0 0 0 0 0 0
0 0 0 0 0 0 0 0 0 0
0 0 0 0 0 0 0 0 0 0
0 0 0 0 0 0 0 0 0 0
0 0 0 0 0 0 0 0 0 0
0 0 0 0 0 0 0 0 0 0
0 0 0 0 0 0 0 0 0 0
0 0 0 0 0 0 0 0 0 0
0 0 0 0 0 0 0 0 0 0
0 0 0 0 0 0 0 0 0 0
0 0 0 0 0 0 0 0 0 0
0 0 0 0 0 0 0 0 0 0
0 0 0 0 0 0 0 0 0 0
0 5 0 9 0 0 0 0 0 0
8 3 0 3 0 0 0 0 0 9
9 3 9 9 0 0 0 0 0 3
END
178035
6
2
7
0 0 0 0 0 0 0 0 0 0
0 0 0 0 0 0 0 0 0 0
0 0 0 0 0 0 0 0 0 0
0 0 0 0 0 0 0 0 0 0
0 0 0 0 0 0 0 0 0 0
0 0 0 0 0 0 0 0 0 0
0 0 0 0 0 0 0 0 0 0
0 0 0 0 0 0 0 0 8 0
0 0 0 0 0 0 0 0 3 0
0 0 0 0 0 0 0 0 11 0
0 0 0 0 0 0 0 0 5 0
0 0 0 0 0 0 0 11 8 0
0 0 0 11 0 0 0 9 4 0
11 0 11 3 0 0 0 8 8 0
9 11 2 9 0 0 0 3 6 5
9 3 2 5 11 11 11 2 9 11
END
12
175897
0
16
40
0 0 0 0 0 0 0 0 0 0
0 0 0 0 0 0 0 0 0 0
0 0 0 0 0 0 0 0 0 0
0 0 0 0 0 0 0 0 0 0
0 0 0 0 0 0 0 0 0 0
0 0 0 0 0 0 0 0 0 0
0 0 0 0 0 0 0 0 0 0
0 0 0 0 0 0 0 0 0 0
0 0 0 0 0 0 0 0 0 0
0 0 0 0 0 0 0 0 0 0
0 0 0 0 0 0 0 0 0 0
0 5 0 0 0 0 0 0 0 0
0 8 0 0 0 0 0 0 0 0
0 5 3 9 0 0 0 0 0 0
8 3 6 3 0 0 0 0 0 9
9 3 9 9 0 0 0 0 0 3
END
177918
6
2
7
0 0 0 0 0 0 0 0 0 0
0 0 0 0 0 0 0 0 0 0
0 0 0 0 0 0 0 0 0 0
0 0 0 0 0 0 0 0 0 0
0 0 0 0 0 0 0 0 0 0
0 0 0 0 0 0 0 0 8 0
0 0 0 0 0 0 0 0 5 0
0 0 0 0 0 0 0 0 8 0
0 0 0 0 0 0 0 0 3 0
0 0 0 0 0 0 0 6 11 0
0 0 0 0 0 0 0 3 5 0
0 0 0 0 0 0 0 11 8 0
0 0 0 11 0 0 0 9 4 0
11 0 11 3 0 0 0 8 8 0
9 11 2 9 0 0 0 3 6 5
9 3 2 5 11 11 11 2 9 11
END
13
175893
0
16
40
0 0 0 0 0 0 0 0 0 0
0 0 0 0 0 0 0 0 0 0
0 0 0 0 0 0 0 0 0 0
0 0 0 0 0 0 0 0 0 0
0 0 0 0 0 0 0 0 0 0
0 0 0 0 0 0 0 0 0 0
0 0 0 0 0 0 0 0 0 0
0 0 0 0 0 0 0 0 0 0
0 0 0 0 0 0 0 0 0 0
0 3 0 0 0 0 0 0 0 0
0 4 0 0 0 0 0 0 0 0
0 5 0 0 0 0 0 0 0 0
0 8 0 0 0 0 0 0 0 0
1 5 3 9 0 0 0 0 0 0
8 3 6 3 0 0 0 0 0 9
9 3 9 9 0 0 0 0 0 3
END
177802
6
2
7
0 0 0 0 0 0 0 0 0 0
0 0 0 0 0 0 0 0 0 0
0 0 0 0 0 0 0 0 0 0
0 0 0 0 0 0 0 0 4 0
0 0 0 0 0 0 0 0 3 0
0 0 0 0 0 0 0 0 8 0
0 0 0 0 0 0 0 0 5 0
0 0 0 0 0 0 0 0 8 0
0 0 0 0 0 0 0 0 3 0
0 0 0 0 0 0 0 6 11 0
0 0 0 0 0 0 0 3 5 0
0 0 0 0 0 0 0 11 8 0
0 0 0 11 0 0 0 9 4 0
11 0 11 3 0 0 0 8 8 1
9 11 2 9 0 0 0 3 6 5
9 3 2 5 11 11 11 2 9 11
END
14
175888
0
16
40
0 0 0 0 0 0 0 0 0 0
0 0 0 0 0 0 0 0 0 0
0 0 0 0 0 0 0 0 0 0
0 0 0 0 0 0 0 0 0 0
0 0 0 0 0 0 0 0 0 0
0 0 0 0 0 0 0 0 0 0
0 0 0 0 0 0 0 0 0 0
0 7 0 0 0 0 0 0 0 0
0 9 0 0 0 0 0 0 0 0
0 3 0 0 0 0 0 0 0 0
0 4 0 0 0 0 0 0 0 0
0 5 0 0 0 0 0 0 0 0
0 8 9 0 0 0 0 0 0 0
1 5 3 9 0 0 0 0 0 0
8 3 6 3 0 0 0 0 0 9
9 3 9 9 0 0 0 0 0 3
END
177687
6
2
7
0 0 0 0 0 0 0 0 0 0
0 0 0 0 0 0 0 0 9 0
0 0 0 0 0 0 0 0 7 0
0 0 0 0 0 0 0 0 4 0
0 0 0 0 0 0 0 0 3 0
0 0 0 0 0 0 0 0 8 0
0 0 0 0 0 0 0 0 5 0
0 0 0 0 0 0 0 0 8 0
0 0 0 0 0 0 0 9 3 0
0 0 0 0 0 0 0 6 11 0
0 0 0 0 0 0 0 3 5 0
0 0 0 0 0 0 0 11 8 0
0 0 0 11 0 0 0 9 4 0
11 0 11 3 0 0 0 8 8 1
9 11 2 9 0 0 0 3 6 5
9 3 2 5 11 11 11 2 9 11
END
15
175882
0
16
40
0 0 0 0 0 0 0 0 0 0
0 0 0 0 0 0 0 0 0 0
0 0 0 0 0 0 0 0 0 0
0 0 0 0 0 0 0 0 0 0
0 0 0 0 0 0 0 0 0 0
0 0 0 0 0 0 0 0 0 0
0 0 0 0 0 0 0 0 0 0
0 7 0 0 0 0 0 0 0 0
0 9 0 0 0 0 0 0 0 0
0 3 0 0 0 0 0 0 0 0
0 4 0 0 0 0 0 0 0 0
0 5 0 0 0 0 0 0 0 0
0 8 9 8 0 0 0 0 0 0
1 5 3 9 0 0 0 0 0 0
8 3 6 3 3 0 0 0 0 9
9 3 9 9 3 0 0 0 0 3
END
177467
6
2
7
0 0 0 0 0 0 0 0 0 0
0 0 0 0 0 0 0 0 9 0
0 0 0 0 0 0 0 0 7 0
0 0 0 0 0 0 0 0 4 0
0 0 0 0 0 0 0 0 3 0
0 0 0 0 0 0 0 0 8 0
0 0 0 0 0 0 0 0 5 0
0 0 0 0 0 0 0 0 8 0
0 0 0 0 0 0 0 9 3 0
0 0 0 0 0 0 0 6 11 0
0 0 0 0 0 0 0 3 5 0
3 0 0 0 0 0 0 11 8 0
8 0 0 11 0 0 0 9 4 0
11 3 11 3 0 0 0 8 8 1
9 11 2 9 0 0 0 3 6 5
9 3 2 5 11 11 11 2 9 11
END
16
175877
0
16
40
0 0 0 0 0 0 0 0 0 0
0 0 0 0 0 0 0 0 0 0
0 0 0 0 0 0 0 0 0 0
0 0 0 0 0 0 0 0 0 0
0 0 0 0 0 0 0 0 0 0
0 0 0 0 0 0 0 0 0 0
0 0 0 0 0 0 0 0 0 0
0 7 0 0 0 0 0 0 0 0
0 9 0 0 0 0 0 0 0 0
0 3 0 0 0 0 0 0 0 0
0 4 0 0 0 0 0 0 0 0
0 5 0 7 0 0 0 0 0 0
0 8 9 8 6 0 0 0 0 0
1 5 3 9 5 0 0 0 0 0
8 3 6 3 3 0 0 0 0 9
9 3 9 9 3 0 0 0 0 3
END
177311
6
10
8
0 0 0 0 0 0 0 0 0 0
0 0 0 0 0 0 0 0 9 0
0 0 0 0 0 0 0 0 7 0
0 0 0 0 0 0 0 0 4 0
0 0 0 0 0 0 0 0 3 0
0 0 0 0 0 0 0 0 8 0
0 0 0 0 0 0 0 0 5 0
0 0 0 0 0 0 0 0 8 0
0 0 0 0 0 0 0 9 3 0
0 0 0 0 0 0 0 6 11 0
0 0 0 0 0 0 0 3 5 0
6 0 0 0 0 0 0 11 8 0
8 5 0 11 0 0 0 9 4 0
11 3 11 3 0 0 0 8 8 1
9 11 2 9 0 0 0 3 6 5
9 3 2 5 11 11 11 2 9 11
END
17
175872
0
16
40
0 0 0 0 0 0 0 0 0 0
0 0 0 0 0 0 0 0 0 0
0 0 0 0 0 0 0 0 0 0
0 0 0 0 0 0 0 0 0 0
0 0 0 0 0 0 0 0 0 0
0 0 0 0 0 0 0 0 0 0
0 0 0 0 0 0 0 0 0 0
0 7 0 0 0 0 0 0 0 0
0 9 0 0 0 0 0 0 0 0
0 3 0 0 0 0 0 0 0 0
0 4 0 0 0 0 0 0 0 0
0 5 0 7 0 0 0 0 0 0
0 8 9 8 6 0 0 0 0 9
1 5 3 9 5 0 0 0 0 3
8 3 6 3 3 0 0 0 0 9
9 3 9 9 3 0 0 0 2 3
END
177171
6
10
8
0 0 0 0 0 0 0 0 0 0
0 0 0 0 0 0 0 0 9 0
0 0 0 0 0 0 0 0 7 0
0 0 0 0 0 0 0 0 4 0
0 0 0 0 0 0 0 0 3 0
0 0 0 0 0 0 0 0 8 0
0 0 0 0 0 0 0 0 5 0
0 0 0 0 0 0 0 0 8 0
0 0 0 0 0 0 0 9 3 0
0 0 0 0 0 0 0 6 11 0
3 2 0 0 0 0 0 3 5 0
6 9 0 0 0 0 0 11 8 0
8 5 0 11 0 0 0 9 4 0
11 3 11 3 0 0 0 8 8 1
9 11 2 9 0 0 0 3 6 5
9 3 2 5 11 11 11 2 9 11
END
18
175867
0
24
41
0 0 0 0 0 0 0 0 0 0
0 0 0 0 0 0 0 0 0 0
0 0 0 0 0 0 0 0 0 0
0 0 0 0 0 0 0 0 0 0
0 0 0 0 0 0 0 0 0 0
0 0 0 0 0 0 0 0 0 0
0 7 0 0 0 0 0 0 0 0
0 7 0 0 0 0 0 0 0 0
0 9 0 0 0 0 0 0 0 0
0 3 0 0 0 0 0 0 0 0
0 4 0 0 0 0 0 0 0 0
0 5 0 7 0 0 0 0 0 0
0 8 8 8 6 0 0 0 0 9
1 5 3 9 5 0 0 0 0 3
8 3 6 3 3 0 0 0 0 9
9 3 9 9 3 0 0 0 2 3
END
177027
6
10
8
0 0 0 0 0 0 0 0 7 0
0 0 0 0 0 0 0 0 9 0
0 0 0 0 0 0 0 0 7 0
0 0 0 0 0 0 0 0 4 0
0 0 0 0 0 0 0 0 3 0
0 0 0 0 0 0 0 0 8 0
0 0 0 0 0 0 0 1 5 0
0 0 0 0 0 0 0 8 8 0
0 0 0 0 0 0 0 9 3 0
0 0 0 0 0 0 0 6 11 0
3 2 0 0 0 0 0 3 5 0
6 9 0 0 0 0 0 11 8 0
8 5 0 11 0 0 0 9 4 0
11 3 11 3 0 0 0 8 8 1
9 11 2 9 0 0 0 3 6 5
9 3 2 5 11 11 11 2 9 11
END
19
175862
0
24
41
0 0 0 0 0 0 0 0 0 0
0 0 0 0 0 0 0 0 0 0
0 0 0 0 0 0 0 0 0 0
0 0 0 0 0 0 0 0 0 0
0 1 0 0 0 0 0 0 0 0
0 7 0 0 0 0 0 0 0 0
0 7 0 0 0 0 0 0 0 0
0 7 0 0 0 0 0 0 0 0
0 9 0 0 0 0 0 0 0 0
0 3 0 0 0 0 0 0 0 0
0 4 0 0 0 0 0 0 0 0
0 5 1 7 0 0 0 0 0 0
0 8 8 8 6 0 0 0 0 9
1 5 3 9 5 0 0 0 0 3
8 3 6 3 3 0 0 0 0 9
9 3 9 9 3 0 0 0 2 3
END
176902
6
10
8
0 0 0 0 0 0 0 0 7 0
0 0 0 0 0 0 0 0 9 0
0 0 0 0 0 0 0 0 7 0
0 0 0 0 0 0 0 0 4 0
0 0 0 0 0 0 0 0 3 0
0 0 0 0 0 0 0 0 8 0
0 0 0 0 0 0 0 1 5 0
0 0 0 0 0 0 0 8 8 0
0 7 0 0 0 0 0 9 3 0
1 1 0 0 0 0 0 6 11 0
3 2 0 0 0 0 0 3 5 0
6 9 0 0 0 0 0 11 8 0
8 5 0 11 0 0 0 9 4 0
11 3 11 3 0 0 0 8 8 1
9 11 2 9 0 0 0 3 6 5
9 3 2 5 11 11 11 2 9 11
END
20
175857
0
32
91
0 0 0 0 0 0 0 0 0 0
0 0 0 0 0 0 0 0 0 0
0 0 0 0 0 0 0 0 0 0
0 0 0 0 0 0 0 0 0 0
0 0 0 0 0 0 0 0 0 0
0 0 0 0 0 0 0 0 0 0
0 0 0 0 0 0 0 0 0 0
0 0 0 0 0 0 0 0 0 0
0 0 0 0 0 0 0 0 0 0
0 0 0 0 0 0 0 0 0 0
0 0 0 0 0 0 0 0 0 0
0 0 0 0 0 0 0 0 0 0
0 0 0 0 6 0 0 0 0 9
0 0 0 9 5 0 0 0 0 3
0 0 0 3 3 0 0 0 0 9
8 0 0 9 3 0 0 0 2 3
END
176792
30
0
10
0 0 0 0 0 0 0 0 7 0
0 0 0 0 0 0 0 0 9 0
0 0 0 0 0 0 0 0 7 0
0 0 0 0 0 0 0 0 4 0
0 0 0 0 0 0 0 0 3 0
0 0 0 0 0 0 0 0 8 0
0 0 0 0 0 0 0 1 5 0
0 0 0 0 0 0 0 8 8 0
0 0 0 0 0 0 0 9 3 0
2 0 0 0 0 0 0 6 11 0
3 2 0 0 0 0 0 3 5 0
6 9 0 0 0 0 0 11 8 0
8 5 0 11 0 0 0 9 4 0
11 3 11 3 0 0 0 8 8 1
9 11 2 9 0 0 0 3 6 5
9 3 2 5 11 11 11 2 9 11
END
